0 0 12.0964
0 1 2.40617
0 2 1.78052
0 3 2.44125
0 4 1.02209
0 5 0.444901
0 6 0.229179
0 7 0.792897
0 8 1.28602
0 9 0.484613
0 10 -0.205535
0 11 -0.054253
0 12 0.22048
0 13 0.456385
0 14 -0.247395
0 15 0.315992
0 16 0.112738
0 17 0.29994
0 18 0.244188
0 19 -2.21857
0 20 -1.28113
0 21 0.909171
0 22 0.328725
0 23 0.347731
0 24 0.43056
0 25 -0.547505
0 26 -0.570964
0 27 0.00242312
0 28 -0.320589
0 29 0.450486
0 30 0.0326378
0 31 -0.306606
0 32 0.165224
0 33 -0.0692895
0 34 0.179126
0 35 -0.0197655
0 36 0.185247
0 37 -0.0120077
0 38 -1.36136
0 39 -1.34966
0 40 -0.978712
0 41 -1.08882
0 42 -0.761592
0 43 -0.531679
0 44 -0.338106
0 45 -0.69324
0 46 -0.685923
0 47 0.476063
0 48 -0.594738
0 49 -0.268806
0 50 0.130833
0 51 -0.0196217
0 52 -0.325899
0 53 -0.0859121
0 54 0.0475977
0 55 -0.121604
0 56 0.0245076
0 57 -0.123713
0 58 -0.305092
0 59 0.00575359
0 60 -0.294854
0 61 -0.263695
0 62 0.134122
0 63 -0.263449
0 64 0.0363504
0 65 -0.252518
0 66 -0.214815
0 67 -0.12001
0 68 0.0626095
0 69 -0.0317547
0 70 -0.0344038
0 71 -0.0500951
0 72 -0.0345832
0 73 0.0147086
0 74 -0.0885577
0 75 0.0327827
0 76 -0.46996
0 77 -0.805852
0 78 -0.141056
0 79 0.0289516
0 80 -0.362541
0 81 -0.256436
0 82 -0.254215
0 83 0.105528
0 84 -0.0690438
0 85 0.187482
0 86 -0.124477
0 87 0.117791
0 88 0.0352485
0 89 0.0189135
0 90 0.0324537
0 91 -0.0629058
0 92 0.0261734
0 93 -0.0741098
0 94 -0.0274042
0 95 2.31011
0 96 -0.940369
0 97 0.406919
0 98 -0.276677
0 99 -0.0337567
0 100 -0.0470787
0 101 -0.170895
0 102 -0.337548
0 103 0.000871203
0 104 -0.292486
0 105 -0.0602869
0 106 -0.0573911
0 107 -0.212599
0 108 0.0938958
0 109 -0.0596158
0 110 -0.012088
0 111 -0.0576453
0 112 -0.0483046
0 113 -0.115402
0 114 0.582377
0 115 0.249274
0 116 -1.34849
0 117 0.323277
0 118 -0.404138
0 119 0.278697
0 120 0.630452
0 121 0.0985398
0 122 0.301729
0 123 -0.23297
0 124 0.0213367
0 125 0.00390577
0 126 0.159296
0 127 0.0490123
0 128 0.182178
0 129 0.114087
0 130 -0.0944571
0 131 -0.149884
0 132 -0.0044932
1 0 2.40617
1 1 6.74559
1 2 1.15628
1 3 2.77502
1 4 0.500938
1 5 2.23881
1 6 0.32802
1 7 0.740839
1 8 0.665411
1 9 -0.162614
1 10 0.167807
1 11 0.014267
1 12 0.77293
1 13 0.515268
1 14 0.160932
1 15 0.255843
1 16 0.0486446
1 17 0.345246
1 18 0.0198862
1 19 0.302537
1 20 0.865056
1 21 0.265883
1 22 -0.289224
1 23 0.387629
1 24 0.429427
1 25 0.32462
1 26 -0.149253
1 27 -0.325207
1 28 -0.0915012
1 29 0.237305
1 30 0.195031
1 31 -0.154286
1 32 0.0638053
1 33 0.252371
1 34 0.0728166
1 35 -0.0354867
1 36 0.117285
1 37 -0.0388299
1 38 1.40076
1 39 0.829949
1 40 -1.90385
1 41 -0.781605
1 42 -0.66031
1 43 0.438917
1 44 -0.134742
1 45 -0.269793
1 46 -0.550608
1 47 -0.143872
1 48 0.044085
1 49 0.192434
1 50 0.308695
1 51 -0.0398465
1 52 0.00445628
1 53 -0.0198209
1 54 -0.0335219
1 55 0.00620052
1 56 0.0413483
1 57 0.0887689
1 58 -0.544295
1 59 -0.103435
1 60 0.15722
1 61 -0.177116
1 62 0.230007
1 63 -0.0918416
1 64 0.0307002
1 65 0.0582656
1 66 -0.0475971
1 67 -0.0656899
1 68 -0.0241333
1 69 -0.0087811
1 70 -0.00764516
1 71 -0.0218257
1 72 0.0272061
1 73 0.0218155
1 74 0.0163612
1 75 0.0471032
1 76 -0.566647
1 77 -1.08733
1 78 0.265193
1 79 0.0212167
1 80 -0.0579867
1 81 -0.138359
1 82 -0.155309
1 83 0.0327595
1 84 -0.106109
1 85 0.0646923
1 86 -0.125178
1 87 0.0717074
1 88 -0.0268322
1 89 -0.139717
1 90 -0.0324038
1 91 -0.0268672
1 92 0.00594049
1 93 -0.0598622
1 94 -0.0707199
1 95 1.14593
1 96 -0.181439
1 97 0.103357
1 98 -0.146678
1 99 -0.296923
1 100 0.0333611
1 101 0.182391
1 102 -0.079445
1 103 -0.0885252
1 104 0.032419
1 105 -0.103151
1 106 0.118598
1 107 -0.129888
1 108 0.101335
1 109 -0.0110149
1 110 0.00603672
1 111 -0.0527374
1 112 0.0226708
1 113 0.061279
1 114 0.472538
1 115 -0.0585074
1 116 -1.05287
1 117 0.270141
1 118 -0.362254
1 119 0.27234
1 120 0.382861
1 121 0.170977
1 122 0.255897
1 123 0.0227722
1 124 0.0410353
1 125 0.0193917
1 126 -0.00909483
1 127 0.0478306
1 128 -0.0187296
1 129 0.122442
1 130 -0.103715
1 131 -0.0545947
1 132 -0.0948967
2 0 1.78052
2 1 1.15628
2 2 4.05909
2 3 0.810165
2 4 0.0561924
2 5 -0.118671
2 6 -0.075335
2 7 0.763107
2 8 0.446209
2 9 0.26324
2 10 0.30155
2 11 -0.080426
2 12 0.0273823
2 13 0.147018
2 14 -0.0224287
2 15 0.314479
2 16 -0.0424746
2 17 0.11254
2 18 0.116758
2 19 -1.57081
2 20 0.125473
2 21 -0.172768
2 22 0.998876
2 23 0.83662
2 24 0.468493
2 25 -0.0894689
2 26 -0.0959129
2 27 0.11136
2 28 -0.0623
2 29 0.0742979
2 30 -0.086495
2 31 -0.09378
2 32 0.0588428
2 33 -0.0552647
2 34 0.207299
2 35 0.0960059
2 36 0.169362
2 37 0.0163505
2 38 -0.626573
2 39 0.199388
2 40 -0.429138
2 41 -0.436751
2 42 0.259072
2 43 0.199753
2 44 0.0567697
2 45 0.122205
2 46 -0.35593
2 47 0.29749
2 48 0.11584
2 49 0.118169
2 50 -0.0729967
2 51 -0.121885
2 52 0.0104645
2 53 0.0228029
2 54 0.0444239
2 55 0.0994969
2 56 -0.103578
2 57 -0.180696
2 58 -0.15053
2 59 -0.0733919
2 60 -0.510128
2 61 0.154083
2 62 0.0250192
2 63 0.0115818
2 64 -0.180956
2 65 -0.0407202
2 66 -0.0704712
2 67 0.00889304
2 68 -0.0471244
2 69 0.0744067
2 70 -0.0424741
2 71 0.00231684
2 72 -0.0366789
2 73 -0.00542049
2 74 -0.0815597
2 75 -0.0352026
2 76 -0.383686
2 77 -0.537701
2 78 0.12995
2 79 -0.0101954
2 80 -0.177942
2 81 -0.114132
2 82 -0.134226
2 83 -0.0294465
2 84 0.0156556
2 85 0.0488208
2 86 -0.109699
2 87 0.0909958
2 88 -0.00330723
2 89 0.00231048
2 90 -0.00654575
2 91 -0.0460388
2 92 -0.0612524
2 93 -0.0496754
2 94 -0.00430865
2 95 0.086605
2 96 -0.311708
2 97 0.460712
2 98 -0.174381
2 99 -0.353307
2 100 0.172453
2 101 -0.00165587
2 102 -0.0644264
2 103 -0.208205
2 104 -0.0603272
2 105 0.00328441
2 106 -0.114188
2 107 0.00394254
2 108 0.0911694
2 109 0.0372985
2 110 -0.00173179
2 111 -0.0501693
2 112 -0.044864
2 113 -0.0708164
2 114 0.145761
2 115 0.759241
2 116 -1.44831
2 117 0.441201
2 118 -0.476957
2 119 0.0881355
2 120 0.206236
2 121 0.185577
2 122 0.528989
2 123 0.0861662
2 124 0.0362312
2 125 0.302464
2 126 -0.212323
2 127 0.215178
2 128 0.0585648
2 129 0.0603068
2 130 -0.00574333
2 131 -0.0137999
2 132 -0.08701
3 0 2.44125
3 1 2.77502
3 2 0.810165
3 3 4.56842
3 4 0.0130927
3 5 0.304193
3 6 0.88975
3 7 0.204598
3 8 0.674417
3 9 -0.0474909
3 10 0.277703
3 11 -0.0957119
3 12 0.530806
3 13 0.209083
3 14 0.319631
3 15 0.0825153
3 16 0.069237
3 17 0.269827
3 18 0.102324
3 19 -0.567223
3 20 0.590722
3 21 0.169761
3 22 -0.218006
3 23 0.654347
3 24 0.489985
3 25 0.681415
3 26 0.144245
3 27 0.127735
3 28 0.156089
3 29 0.361812
3 30 0.184599
3 31 0.0869346
3 32 -0.0383399
3 33 0.0962607
3 34 0.185867
3 35 0.025528
3 36 0.0808654
3 37 0.0182619
3 38 -0.00252256
3 39 -0.0710172
3 40 -1.1053
3 41 -0.433212
3 42 -0.344663
3 43 -0.353581
3 44 -0.129005
3 45 -0.256843
3 46 -0.209434
3 47 0.0066706
3 48 -0.242374
3 49 -0.188476
3 50 0.0873815
3 51 -0.0798186
3 52 -0.0664745
3 53 0.0747506
3 54 -0.0969355
3 55 0.0522699
3 56 0.0483587
3 57 0.319299
3 58 -0.41891
3 59 -0.263606
3 60 -0.407765
3 61 0.139465
3 62 0.180851
3 63 -0.108447
3 64 0.118896
3 65 0.117671
3 66 -0.0496616
3 67 -0.192589
3 68 -0.00218604
3 69 -0.0452208
3 70 -0.0329786
3 71 -0.0531389
3 72 0.0274496
3 73 0.0127533
3 74 -0.0264888
3 75 0.0610245
3 76 -0.460148
3 77 0.0327196
3 78 0.0985198
3 79 0.184195
3 80 0.040876
3 81 -0.0924743
3 82 -0.139348
3 83 0.0529663
3 84 -0.0309164
3 85 0.193971
3 86 0.0514213
3 87 0.102572
3 88 -0.0185431
3 89 0.014115
3 90 0.000847706
3 91 0.0507514
3 92 -0.0377955
3 93 -0.00548261
3 94 0.0113976
3 95 0.13677
3 96 0.529719
3 97 -0.356479
3 98 0.221425
3 99 0.42911
3 100 -0.125316
3 101 -0.124323
3 102 -0.201166
3 103 0.296589
3 104 -0.127258
3 105 -0.146015
3 106 0.0691887
3 107 -0.0341804
3 108 0.0539505
3 109 0.00369169
3 110 -0.00878941
3 111 -0.0455426
3 112 -0.0624453
3 113 -0.00565772
3 114 0.382603
3 115 -0.742663
3 116 0.601137
3 117 -0.136872
3 118 -0.0209082
3 119 0.328679
3 120 -0.288371
3 121 0.183697
3 122 0.09251
3 123 0.0685054
3 124 -0.124629
3 125 -0.00264014
3 126 0.234274
3 127 0.0172221
3 128 -0.0633181
3 129 -0.068819
3 130 0.0121528
3 131 0.0298367
3 132 0.0892903
4 0 1.02209
4 1 0.500938
4 2 0.0561924
4 3 0.0130927
4 4 2.80483
4 5 0.433147
4 6 0.477041
4 7 0.522474
4 8 0.542182
4 9 0.523423
4 10 -0.0504952
4 11 -0.108708
4 12 0.244801
4 13 -0.0328065
4 14 -0.0735409
4 15 -0.0439889
4 16 0.0470793
4 17 0.0546601
4 18 0.0710082
4 19 -0.332755
4 20 -0.971746
4 21 -0.441431
4 22 -0.153302
4 23 -0.16878
4 24 0.0520821
4 25 -0.323246
4 26 -0.125997
4 27 0.031803
4 28 -0.118914
4 29 -0.00579936
4 30 -0.327872
4 31 -0.0521478
4 32 0.055477
4 33 -0.147313
4 34 -0.0477388
4 35 -0.0448442
4 36 -0.00197828
4 37 -0.0100311
4 38 -0.557932
4 39 0.0297161
4 40 -0.308352
4 41 0.0779683
4 42 -0.0310939
4 43 -0.227422
4 44 -0.267116
4 45 -0.218418
4 46 -0.19851
4 47 -0.0686303
4 48 -0.185466
4 49 0.0477392
4 50 -0.0731758
4 51 0.0184499
4 52 -0.051382
4 53 -0.106229
4 54 -0.00763535
4 55 -0.0390651
4 56 -0.0228271
4 57 -0.67406
4 58 -0.140692
4 59 0.0256395
4 60 0.0129758
4 61 -0.014964
4 62 0.0533663
4 63 -0.0368541
4 64 -0.0119621
4 65 -0.12232
4 66 -0.0322162
4 67 0.0108727
4 68 0.0311962
4 69 0.0196593
4 70 0.021339
4 71 0.0154733
4 72 -0.00739445
4 73 0.0412983
4 74 0.00560129
4 75 0.00657942
4 76 -0.146335
4 77 0.12152
4 78 0.206512
4 79 -0.115786
4 80 -0.277355
4 81 0.127279
4 82 0.0338037
4 83 0.0565099
4 84 -0.0423837
4 85 -0.0349957
4 86 -0.0100736
4 87 0.0135731
4 88 -0.00173055
4 89 -0.000958858
4 90 0.00679071
4 91 -0.0103882
4 92 -0.0139065
4 93 0.0288733
4 94 -0.0372648
4 95 0.155077
4 96 -0.156442
4 97 0.205069
4 98 0.0183044
4 99 -0.178398
4 100 -0.135235
4 101 -0.0146651
4 102 -0.0314832
4 103 0.147655
4 104 -0.181661
4 105 -0.0599225
4 106 -0.0773495
4 107 -0.0663368
4 108 -0.0114825
4 109 -0.044549
4 110 0.0329658
4 111 -0.10958
4 112 0.0117713
4 113 0.0140403
4 114 1.58684
4 115 0.464039
4 116 0.419691
4 117 -0.0886441
4 118 0.803075
4 119 0.26252
4 120 0.31775
4 121 0.085527
4 122 0.120319
4 123 -0.142959
4 124 0.147653
4 125 0.156641
4 126 0.173822
4 127 0.0183814
4 128 0.147469
4 129 0.133901
4 130 -0.0442554
4 131 -0.0175056
4 132 0.0464007
5 0 0.444901
5 1 2.23881
5 2 -0.118671
5 3 0.304193
5 4 0.433147
5 5 2.41729
5 6 0.161278
5 7 0.180481
5 8 0.220863
5 9 0.137817
5 10 0.156964
5 11 0.156787
5 12 0.249128
5 13 0.390781
5 14 0.0997152
5 15 0.0814664
5 16 0.0528261
5 17 0.156801
5 18 -0.0325109
5 19 -0.200312
5 20 0.717639
5 21 -0.0352781
5 22 0.0533484
5 23 0.0975046
5 24 0.143159
5 25 0.201374
5 26 0.120886
5 27 -0.354157
5 28 -0.0840336
5 29 0.00502326
5 30 0.141069
5 31 -0.17456
5 32 -0.0304243
5 33 0.0117888
5 34 0.00439113
5 35 -0.0178994
5 36 0.0104846
5 37 -0.0306548
5 38 0.405417
5 39 0.0545357
5 40 -0.687032
5 41 -0.0360195
5 42 -0.202164
5 43 0.279165
5 44 -0.304211
5 45 -0.123746
5 46 -0.0993556
5 47 -0.17156
5 48 0.0098864
5 49 0.274592
5 50 0.143472
5 51 -0.149958
5 52 0.0048399
5 53 -0.0738239
5 54 0.0629129
5 55 -0.0501801
5 56 0.0543676
5 57 -0.267699
5 58 -0.347744
5 59 -0.170066
5 60 -0.0846205
5 61 0.0798548
5 62 0.0911391
5 63 -0.0402458
5 64 -0.0484159
5 65 0.0184295
5 66 -0.065699
5 67 -0.0402211
5 68 0.0311279
5 69 0.0213509
5 70 0.00743849
5 71 0.00526116
5 72 -0.0141872
5 73 0.00767178
5 74 -0.0108872
5 75 -0.0202914
5 76 0.126008
5 77 -0.426407
5 78 0.108618
5 79 0.042353
5 80 -0.141993
5 81 -0.126061
5 82 -0.0128251
5 83 0.00117008
5 84 -0.0814918
5 85 -0.0148448
5 86 -0.107246
5 87 -0.0150344
5 88 -0.0114846
5 89 -0.100487
5 90 -0.0445315
5 91 -0.0318325
5 92 0.0318408
5 93 -0.0100763
5 94 -0.0282737
5 95 0.2211
5 96 -0.504568
5 97 -0.0900753
5 98 -0.292331
5 99 -0.361197
5 100 -0.102812
5 101 0.0344848
5 102 0.278958
5 103 -0.476321
5 104 0.145718
5 105 -0.00233578
5 106 0.0535124
5 107 -0.0996073
5 108 -0.0799389
5 109 0.0196422
5 110 -0.000516632
5 111 0.00562377
5 112 0.0117478
5 113 0.0222359
5 114 -1.74436
5 115 0.00517412
5 116 -0.700026
5 117 0.119779
5 118 -1.05062
5 119 -0.167338
5 120 0.196969
5 121 -0.558695
5 122 -0.341346
5 123 -0.0324685
5 124 0.279745
5 125 -0.237471
5 126 -0.078585
5 127 -0.208319
5 128 -0.0947023
5 129 0.145699
5 130 -0.069689
5 131 -0.121323
5 132 -0.154447
6 0 0.229179
6 1 0.32802
6 2 -0.075335
6 3 0.88975
6 4 0.477041
6 5 0.161278
6 6 1.66219
6 7 0.255798
6 8 0.49396
6 9 0.114907
6 10 0.085754
6 11 0.0275794
6 12 0.148013
6 13 0.083307
6 14 0.281383
6 15 0.0102727
6 16 0.0887968
6 17 0.119813
6 18 0.0777464
6 19 0.724413
6 20 0.0855304
6 21 -0.235574
6 22 -0.14213
6 23 0.332855
6 24 0.202553
6 25 0.112807
6 26 0.40123
6 27 0.0547881
6 28 -0.22684
6 29 0.080192
6 30 0.0381005
6 31 -0.159126
6 32 0.016352
6 33 0.0159043
6 34 -0.00431177
6 35 0.0961204
6 36 0.0306794
6 37 0.0304837
6 38 -1.5264
6 39 -0.427512
6 40 -0.373321
6 41 -0.0770883
6 42 0.120919
6 43 -0.049183
6 44 -0.221881
6 45 0.130503
6 46 0.0557048
6 47 0.163979
6 48 -0.0811079
6 49 0.0810733
6 50 -0.0792549
6 51 0.0258928
6 52 -0.00144336
6 53 0.0624345
6 54 0.00628543
6 55 0.0586011
6 56 0.0159705
6 57 -0.179643
6 58 -0.112991
6 59 -0.151007
6 60 -0.160916
6 61 -0.029148
6 62 0.141256
6 63 -0.105013
6 64 0.00196494
6 65 0.0110728
6 66 0.0317246
6 67 -0.119606
6 68 0.0442857
6 69 0.0155074
6 70 -0.0572636
6 71 -0.0496435
6 72 -0.000379174
6 73 0.0131939
6 74 -0.0317994
6 75 0.0442225
6 76 -0.120361
6 77 0.250677
6 78 -0.10562
6 79 0.043253
6 80 0.0279929
6 81 -0.156359
6 82 -0.06416
6 83 -0.0520215
6 84 -0.00830871
6 85 0.0232689
6 86 0.0157441
6 87 -0.0240685
6 88 0.000709993
6 89 -0.00547311
6 90 -0.00330943
6 91 0.0103229
6 92 -0.0113611
6 93 -0.00269194
6 94 -0.00917573
6 95 -0.144541
6 96 0.215372
6 97 -0.150533
6 98 0.116083
6 99 0.130252
6 100 0.0049861
6 101 -0.107749
6 102 -0.0366188
6 103 0.0272715
6 104 0.00238901
6 105 -0.0165987
6 106 -0.00545729
6 107 -0.0503611
6 108 -0.018961
6 109 0.00747756
6 110 -0.0420523
6 111 -0.0507159
6 112 -0.0215455
6 113 -0.0150688
6 114 -1.03088
6 115 -0.101899
6 116 0.157108
6 117 -0.0519119
6 118 0.247401
6 119 -0.0924083
6 120 -0.137314
6 121 -0.0854927
6 122 -0.25011
6 123 -0.0813049
6 124 -0.0280994
6 125 -0.0613055
6 126 0.00619104
6 127 -0.0986813
6 128 0.00316989
6 129 0.0430618
6 130 -0.032379
6 131 0.0150121
6 132 -0.0603396
7 0 0.792897
7 1 0.740839
7 2 0.763107
7 3 0.204598
7 4 0.522474
7 5 0.180481
7 6 0.255798
7 7 0.71207
7 8 0.347176
7 9 0.212073
7 10 0.10598
7 11 0.0268333
7 12 0.163154
7 13 0.132018
7 14 0.0241544
7 15 0.0984274
7 16 0.0287126
7 17 0.10339
7 18 0.0514591
7 19 -0.56379
7 20 -0.100382
7 21 0.0690288
7 22 0.210273
7 23 0.142231
7 24 0.284288
7 25 -0.100001
7 26 0.0473154
7 27 0.0108492
7 28 -0.011907
7 29 0.0398076
7 30 0.015293
7 31 -0.0611496
7 32 0.0305006
7 33 0.0251246
7 34 -0.00877889
7 35 0.0317908
7 36 0.0546694
7 37 0.030876
7 38 -0.497759
7 39 0.0300909
7 40 -0.211167
7 41 -0.139461
7 42 -0.116017
7 43 -0.048904
7 44 -0.039149
7 45 -0.149214
7 46 -0.0698589
7 47 0.0833938
7 48 -0.0745956
7 49 0.0111495
7 50 -0.0253108
7 51 -0.041123
7 52 -0.0505471
7 53 -0.000823118
7 54 -0.0109295
7 55 0.00467381
7 56 -0.0325894
7 57 -0.196722
7 58 -0.0960248
7 59 0.0510686
7 60 0.00789843
7 61 0.0640832
7 62 0.16096
7 63 -0.0274157
7 64 -0.0478189
7 65 0.000115499
7 66 -0.00311866
7 67 0.0427919
7 68 -0.0177484
7 69 -0.0238777
7 70 0.000143351
7 71 -0.00965943
7 72 0.000500264
7 73 0.036461
7 74 -0.0156699
7 75 0.022933
7 76 -0.136086
7 77 -0.173697
7 78 0.109202
7 79 -0.00917435
7 80 -0.0981266
7 81 -0.0238043
7 82 -0.0141794
7 83 -0.0238199
7 84 0.00873456
7 85 -0.0188235
7 86 -0.0142757
7 87 0.0032366
7 88 -0.00507841
7 89 -0.00294699
7 90 -0.000560742
7 91 -0.00629592
7 92 -8.08965e-05
7 93 -0.0147101
7 94 -0.0136894
7 95 0.199413
7 96 0.0472283
7 97 0.325243
7 98 0.0471613
7 99 -0.176942
7 100 0.154455
7 101 0.0604489
7 102 -0.0132672
7 103 -0.0134638
7 104 -0.0197755
7 105 -0.0133057
7 106 -0.0205219
7 107 0.00286775
7 108 0.0313797
7 109 0.0270007
7 110 0.0149365
7 111 -0.0371622
7 112 -0.0033696
7 113 -0.00163452
7 114 -0.363467
7 115 0.251231
7 116 -0.469725
7 117 0.156616
7 118 0.0229566
7 119 0.0804434
7 120 0.0992772
7 121 0.130316
7 122 0.287641
7 123 -0.0218284
7 124 0.00433722
7 125 0.0726526
7 126 -0.0517221
7 127 0.0515305
7 128 0.0515284
7 129 0.0533642
7 130 -0.00202091
7 131 -0.00292388
7 132 -0.0391805
8 0 1.28602
8 1 0.665411
8 2 0.446209
8 3 0.674417
8 4 0.542182
8 5 0.220863
8 6 0.49396
8 7 0.347176
8 8 0.906439
8 9 0.218671
8 10 0.188144
8 11 0.0172445
8 12 0.0344196
8 13 0.0589944
8 14 0.0497541
8 15 0.0254735
8 16 0.0493304
8 17 0.0652321
8 18 0.0527068
8 19 -0.207983
8 20 0.234801
8 21 0.155511
8 22 -0.214793
8 23 0.105754
8 24 0.310754
8 25 -0.0405143
8 26 0.249241
8 27 -0.0822095
8 28 -0.0538504
8 29 0.110095
8 30 -0.000484092
8 31 -0.0774872
8 32 0.0765387
8 33 0.033668
8 34 -0.0316063
8 35 0.0373877
8 36 0.0572851
8 37 0.0402072
8 38 -0.287396
8 39 -0.106573
8 40 -0.291525
8 41 -0.0526039
8 42 -0.167232
8 43 -0.0431969
8 44 -0.0664677
8 45 -0.250339
8 46 -0.164923
8 47 0.115519
8 48 -0.201479
8 49 -0.0334987
8 50 -0.0359225
8 51 -0.00489374
8 52 -0.0644427
8 53 -0.0293986
8 54 0.0113249
8 55 0.0388659
8 56 0.00534009
8 57 0.0203616
8 58 -0.0668907
8 59 0.0914829
8 60 0.00700346
8 61 -0.0185343
8 62 0.0582795
8 63 -0.106972
8 64 0.00052492
8 65 0.0268475
8 66 -0.0567231
8 67 -0.00113686
8 68 -0.00647315
8 69 -0.0215778
8 70 -0.0152603
8 71 0.0169982
8 72 0.00130602
8 73 0.0158473
8 74 -0.0335384
8 75 0.0249816
8 76 -0.366077
8 77 0.0382
8 78 0.0364396
8 79 0.00936403
8 80 -0.0833542
8 81 0.009663
8 82 -0.0887013
8 83 0.0231314
8 84 -0.00942938
8 85 0.0372209
8 86 0.000313002
8 87 0.0493888
8 88 0.00115294
8 89 -0.00581716
8 90 0.00931897
8 91 0.0046884
8 92 -0.010254
8 93 -0.0050024
8 94 0.000581623
8 95 0.282843
8 96 0.235031
8 97 0.0626692
8 98 0.126227
8 99 0.0618543
8 100 0.0393985
8 101 -0.0627553
8 102 -0.0948934
8 103 0.123183
8 104 -0.0313364
8 105 -0.0587851
8 106 0.0168973
8 107 0.0181346
8 108 0.0300835
8 109 0.0100726
8 110 0.0111778
8 111 -0.0372204
8 112 -0.0100937
8 113 -0.00848361
8 114 -0.309095
8 115 0.139913
8 116 0.0326384
8 117 0.0993777
8 118 0.0849113
8 119 0.18242
8 120 0.038408
8 121 0.0944449
8 122 0.241759
8 123 -0.0891456
8 124 -0.0133675
8 125 0.0246343
8 126 0.115963
8 127 0.00978285
8 128 0.065691
8 129 0.0742063
8 130 0.016199
8 131 -0.0211944
8 132 0.0217953
9 0 0.484613
9 1 -0.162614
9 2 0.26324
9 3 -0.0474909
9 4 0.523423
9 5 0.137817
9 6 0.114907
9 7 0.212073
9 8 0.218671
9 9 0.440675
9 10 0.110087
9 11 0.0711284
9 12 0.0748457
9 13 0.00597826
9 14 -0.0501681
9 15 0.00371316
9 16 -0.00753058
9 17 0.00123185
9 18 0.0341709
9 19 -0.0581172
9 20 -0.0600946
9 21 0.217286
9 22 0.231217
9 23 0.0398577
9 24 0.140982
9 25 -0.0702868
9 26 0.0988588
9 27 0.0659181
9 28 0.0161812
9 29 0.0701848
9 30 -0.00208413
9 31 -0.0240918
9 32 0.0238679
9 33 0.0277568
9 34 0.0227694
9 35 0.0141792
9 36 0.0272737
9 37 0.0235451
9 38 -0.180427
9 39 -0.130233
9 40 -0.0214233
9 41 -0.0296929
9 42 0.0232058
9 43 -0.0826774
9 44 -0.116423
9 45 -0.0897997
9 46 -0.0335282
9 47 0.100699
9 48 0.0373528
9 49 0.0583244
9 50 0.0267198
9 51 -0.0114689
9 52 -0.0489577
9 53 0.034376
9 54 0.0171883
9 55 0.0231228
9 56 -0.00272052
9 57 -0.0864176
9 58 -0.0700873
9 59 0.0965056
9 60 -0.000207076
9 61 -0.0231962
9 62 0.0285921
9 63 -0.0414374
9 64 -0.00303148
9 65 -0.00431553
9 66 -0.0070571
9 67 -0.0173095
9 68 0.0152937
9 69 -0.0049188
9 70 -0.00885439
9 71 0.000275246
9 72 -0.00496391
9 73 0.0168268
9 74 -0.00605793
9 75 0.00392817
9 76 -0.127134
9 77 0.0895103
9 78 0.0659536
9 79 -0.000356942
9 80 -0.121467
9 81 0.0165766
9 82 0.00153009
9 83 -0.0222714
9 84 -0.045019
9 85 -0.00642053
9 86 0.0147116
9 87 0.0151422
9 88 0.00956223
9 89 0.0082791
9 90 -0.00261497
9 91 -0.00995757
9 92 0.00752024
9 93 0.0103622
9 94 0.00999991
9 95 -0.00674924
9 96 -0.010824
9 97 0.156092
9 98 -0.0427182
9 99 -0.104419
9 100 0.0202126
9 101 -0.0224325
9 102 0.0731001
9 103 -0.0365797
9 104 -0.0503783
9 105 0.0130143
9 106 -0.0295446
9 107 0.0105339
9 108 0.0118323
9 109 0.0247796
9 110 0.0121695
9 111 -0.013074
9 112 -0.0217644
9 113 -0.0182233
9 114 -0.19507
9 115 0.134435
9 116 -0.206998
9 117 0.0924742
9 118 -0.101946
9 119 0.019222
9 120 0.0353479
9 121 -0.00914383
9 122 0.122402
9 123 -0.0239884
9 124 0.0313429
9 125 0.0271385
9 126 -0.0343242
9 127 0.0179309
9 128 0.0274507
9 129 0.0270797
9 130 0.000220777
9 131 -0.0121264
9 132 0.0028685
10 0 -0.205535
10 1 0.167807
10 2 0.30155
10 3 0.277703
10 4 -0.0504952
10 5 0.156964
10 6 0.085754
10 7 0.10598
10 8 0.188144
10 9 0.110087
10 10 0.229013
10 11 0.0551296
10 12 0.00524982
10 13 0.00563257
10 14 0.0524508
10 15 0.00341327
10 16 -0.0171783
10 17 0.0068058
10 18 0.00621218
10 19 -0.282739
10 20 0.0952061
10 21 0.0126902
10 22 -0.132757
10 23 0.167416
10 24 0.0586834
10 25 0.0559035
10 26 0.0403661
10 27 -0.0883955
10 28 -0.0150757
10 29 0.0191355
10 30 0.0223675
10 31 -0.0461094
10 32 -0.0419627
10 33 0.0452836
10 34 -0.00501308
10 35 -0.00556559
10 36 0.0227522
10 37 0.0112962
10 38 0.0200769
10 39 0.0600029
10 40 -0.0878552
10 41 0.000534166
10 42 0.0212265
10 43 0.0305207
10 44 0.015225
10 45 -0.0182813
10 46 -0.0125554
10 47 -0.00610271
10 48 0.0175288
10 49 0.0249115
10 50 0.0150508
10 51 -0.0341151
10 52 -0.00941429
10 53 0.0176265
10 54 0.0196874
10 55 0.00430133
10 56 -0.00270723
10 57 -0.0667399
10 58 -0.0665384
10 59 -0.0982423
10 60 -0.052862
10 61 0.116231
10 62 0.0631811
10 63 -0.0173987
10 64 -0.0161237
10 65 0.0358441
10 66 -0.0167379
10 67 -0.0109662
10 68 -0.0039648
10 69 -0.000411936
10 70 0.00941578
10 71 0.0155334
10 72 -0.0114601
10 73 -0.00258013
10 74 -0.00792373
10 75 0.00305165
10 76 -0.100463
10 77 0.00582309
10 78 0.034969
10 79 0.0235424
10 80 -0.0376318
10 81 0.0203076
10 82 -0.0144862
10 83 -0.0248394
10 84 -0.0242144
10 85 0.00689438
10 86 0.00478065
10 87 0.0203666
10 88 -0.0105234
10 89 -0.0124922
10 90 -0.00362904
10 91 0.00461399
10 92 -0.00146178
10 93 0.00370848
10 94 -0.000448694
10 95 -0.00834296
10 96 0.147664
10 97 0.0210629
10 98 0.0688738
10 99 0.00161413
10 100 0.0586175
10 101 -0.0025465
10 102 0.0632841
10 103 0.0148164
10 104 0.028681
10 105 0.00280439
10 106 0.0202325
10 107 0.0332274
10 108 0.0171872
10 109 0.027977
10 110 0.00175291
10 111 0.00374008
10 112 -0.00805882
10 113 0.0041508
10 114 -0.377174
10 115 2.30583e-05
10 116 -0.0201438
10 117 0.0229188
10 118 -0.108701
10 119 -7.13377e-05
10 120 -0.0674925
10 121 -0.00532352
10 122 0.0387291
10 123 0.0201566
10 124 -0.00159586
10 125 0.00412319
10 126 -0.0261581
10 127 -0.00496748
10 128 -0.0127275
10 129 0.00122223
10 130 0.0160365
10 131 0.00357382
10 132 -0.00343098
11 0 -0.054253
11 1 0.014267
11 2 -0.080426
11 3 -0.0957119
11 4 -0.108708
11 5 0.156787
11 6 0.0275794
11 7 0.0268333
11 8 0.0172445
11 9 0.0711284
11 10 0.0551296
11 11 0.266557
11 12 0.0736146
11 13 0.0375963
11 14 0.0216185
11 15 0.041143
11 16 -0.00945145
11 17 -0.0108362
11 18 0.00482383
11 19 -0.183646
11 20 -0.0133246
11 21 -0.172907
11 22 -0.155903
11 23 -0.0296821
11 24 -0.0767682
11 25 -0.165886
11 26 -0.0843802
11 27 -0.0809505
11 28 0.0282867
11 29 -0.0182509
11 30 0.0857596
11 31 -0.0458123
11 32 -5.61615e-05
11 33 0.0473519
11 34 -0.0145143
11 35 0.0163875
11 36 -0.00515268
11 37 0.0126285
11 38 0.194813
11 39 0.0400115
11 40 -0.0951554
11 41 0.113807
11 42 0.0617786
11 43 0.138507
11 44 -0.0300705
11 45 0.0438577
11 46 0.0380119
11 47 0.0257924
11 48 0.0632312
11 49 0.05719
11 50 0.0374652
11 51 0.0330049
11 52 -0.00669419
11 53 6.80891e-05
11 54 0.0584325
11 55 0.00880406
11 56 0.00411078
11 57 -0.00866353
11 58 -0.0066407
11 59 -0.0554098
11 60 -0.0369863
11 61 0.020941
11 62 0.00327144
11 63 0.00413538
11 64 0.00884841
11 65 0.013564
11 66 -0.0183952
11 67 0.0102719
11 68 0.0153973
11 69 0.00717726
11 70 0.0115178
11 71 0.00145043
11 72 -0.000875158
11 73 -0.00353216
11 74 -0.00805919
11 75 -0.0116305
11 76 0.10852
11 77 0.0945512
11 78 0.0321269
11 79 0.0592578
11 80 -0.0358426
11 81 0.0406369
11 82 -0.00355875
11 83 -0.0194913
11 84 -0.0550913
11 85 -0.0180083
11 86 -0.0210889
11 87 0.00542055
11 88 0.00684263
11 89 -0.013248
11 90 -0.0142074
11 91 -0.00113376
11 92 0.00798646
11 93 0.00831864
11 94 0.00710954
11 95 -0.00799984
11 96 0.0436236
11 97 0.0863742
11 98 -0.0234695
11 99 -0.1485
11 100 0.0325527
11 101 0.0280459
11 102 0.0539705
11 103 -0.0689397
11 104 -0.00132569
11 105 -0.00250003
11 106 -0.0261976
11 107 0.0316845
11 108 -0.0100967
11 109 0.0198184
11 110 -0.00436942
11 111 -0.00489866
11 112 -0.00763575
11 113 -0.00366192
11 114 -0.557087
11 115 -0.140667
11 116 -0.176146
11 117 -0.00168634
11 118 -0.159587
11 119 -0.00196297
11 120 -0.0642514
11 121 -0.0193863
11 122 0.0207926
11 123 0.0242464
11 124 0.0215212
11 125 -0.0272306
11 126 -0.0429369
11 127 -0.0362756
11 128 -0.01982
11 129 -0.000572608
11 130 0.00574541
11 131 -0.00581096
11 132 -0.012605
12 0 0.22048
12 1 0.77293
12 2 0.0273823
12 3 0.530806
12 4 0.244801
12 5 0.249128
12 6 0.148013
12 7 0.163154
12 8 0.0344196
12 9 0.0748457
12 10 0.00524982
12 11 0.0736146
12 12 0.468645
12 13 0.0766421
12 14 0.045053
12 15 0.0458759
12 16 0.0241551
12 17 0.0553336
12 18 0.0390516
12 19 -0.260543
12 20 -0.348069
12 21 0.0466934
12 22 0.0815427
12 23 0.0666813
12 24 0.0999867
12 25 -0.0181994
12 26 -0.0451544
12 27 0.0286566
12 28 0.0193085
12 29 0.0369879
12 30 0.104647
12 31 0.0992429
12 32 0.0144901
12 33 0.0854595
12 34 0.0318544
12 35 0.00427278
12 36 0.00507767
12 37 0.0100848
12 38 -0.184313
12 39 0.019342
12 40 -0.364464
12 41 -0.0188983
12 42 0.0134906
12 43 0.0243859
12 44 0.0168631
12 45 -0.00367611
12 46 0.0131266
12 47 0.0405218
12 48 0.0585607
12 49 0.0817398
12 50 0.0972684
12 51 0.0521786
12 52 -0.00302929
12 53 0.0668765
12 54 -0.0122989
12 55 0.0191676
12 56 -0.000443079
12 57 -0.246496
12 58 -0.124333
12 59 0.0736315
12 60 -0.0920953
12 61 0.0230338
12 62 0.111967
12 63 0.00175879
12 64 -0.00814137
12 65 -0.0184764
12 66 0.00351949
12 67 -0.0519611
12 68 -0.0135057
12 69 0.00647705
12 70 -0.00722475
12 71 -0.0180158
12 72 -0.00527223
12 73 0.00955989
12 74 0.0031508
12 75 -0.00130852
12 76 -0.0663994
12 77 -0.102788
12 78 0.108797
12 79 0.000265285
12 80 0.0610744
12 81 0.016336
12 82 0.0461072
12 83 -0.0326352
12 84 0.000916895
12 85 0.0259087
12 86 0.0159735
12 87 0.00381755
12 88 0.00929266
12 89 -0.01713
12 90 0.0206888
12 91 0.000520332
12 92 0.0247042
12 93 -0.00956285
12 94 -0.000479786
12 95 0.490488
12 96 0.158079
12 97 0.180356
12 98 0.197845
12 99 -0.047769
12 100 0.0220612
12 101 -0.0497867
12 102 -0.0187249
12 103 0.0095929
12 104 -0.0141976
12 105 -0.026472
12 106 0.0439573
12 107 0.000499524
12 108 0.0054753
12 109 0.00967124
12 110 0.0117808
12 111 0.0107785
12 112 -0.0265611
12 113 0.0180003
12 114 -0.00570936
12 115 -0.311407
12 116 -0.221078
12 117 0.0429573
12 118 -0.055198
12 119 0.0280647
12 120 -0.0482926
12 121 0.0217517
12 122 0.0385893
12 123 -0.0490135
12 124 -0.0330253
12 125 -0.0292177
12 126 0.0198717
12 127 -0.00983349
12 128 -0.0312379
12 129 -0.00433458
12 130 -0.0576739
12 131 -0.00725328
12 132 -0.0156723
13 0 0.456385
13 1 0.515268
13 2 0.147018
13 3 0.209083
13 4 -0.0328065
13 5 0.390781
13 6 0.083307
13 7 0.132018
13 8 0.0589944
13 9 0.00597826
13 10 0.00563257
13 11 0.0375963
13 12 0.0766421
13 13 0.173581
13 14 0.0168092
13 15 0.0555333
13 16 0.0240745
13 17 0.0366464
13 18 -0.00368965
13 19 -0.0948292
13 20 0.147147
13 21 0.0519596
13 22 0.166519
13 23 0.0962509
13 24 0.0890303
13 25 0.0715972
13 26 0.0382793
13 27 -0.0542659
13 28 0.00827111
13 29 -0.00628019
13 30 0.0565212
13 31 -0.0458287
13 32 -0.0235917
13 33 -0.000327257
13 34 -0.00722886
13 35 0.00125255
13 36 0.00580726
13 37 -0.0115809
13 38 -0.179037
13 39 -0.0632395
13 40 -0.221005
13 41 -0.106888
13 42 -0.0506926
13 43 0.0410807
13 44 -0.107531
13 45 -0.0098595
13 46 -0.0113079
13 47 -0.0263461
13 48 -0.0286268
13 49 0.017556
13 50 0.0242603
13 51 -0.0129065
13 52 -0.0110424
13 53 -0.000403884
13 54 0.00836491
13 55 -0.00903004
13 56 0.000631658
13 57 0.0156586
13 58 -0.0471392
13 59 -0.0106356
13 60 -0.0419631
13 61 -0.0238002
13 62 0.0426883
13 63 -0.0245464
13 64 -0.0127123
13 65 -0.00679662
13 66 -0.0072324
13 67 -0.0116801
13 68 0.00613113
13 69 -0.00445577
13 70 -0.0115994
13 71 -0.0125119
13 72 0.00101557
13 73 0.00707307
13 74 -0.0109659
13 75 0.00197785
13 76 -0.042597
13 77 -0.0907078
13 78 0.0128276
13 79 0.00946435
13 80 -0.0201145
13 81 -0.0394744
13 82 -0.0202985
13 83 0.00364699
13 84 -0.00543528
13 85 0.0143458
13 86 -0.0295335
13 87 -0.00373779
13 88 -0.000773978
13 89 -0.0154002
13 90 -0.0147077
13 91 -0.00776467
13 92 -0.00288123
13 93 -0.00678714
13 94 -0.0042004
13 95 0.0401481
13 96 0.01051
13 97 -0.00469744
13 98 -0.0173808
13 99 -0.0229604
13 100 -0.00974806
13 101 -0.00705831
13 102 0.0254342
13 103 -0.0657527
13 104 0.0168594
13 105 0.0105372
13 106 0.0166971
13 107 -0.010128
13 108 0.00509323
13 109 0.00841983
13 110 0.00387816
13 111 0.00283827
13 112 0.00231376
13 113 -0.00031626
13 114 -0.0250649
13 115 0.0247212
13 116 -0.177315
13 117 0.0190397
13 118 -0.134078
13 119 -0.0232815
13 120 0.0230764
13 121 -0.0317696
13 122 0.0173834
13 123 0.00833794
13 124 0.0418342
13 125 0.000557831
13 126 0.0145697
13 127 0.0040914
13 128 -0.0143681
13 129 0.0117937
13 130 -0.00625876
13 131 -0.0155456
13 132 -0.0311689
14 0 -0.247395
14 1 0.160932
14 2 -0.0224287
14 3 0.319631
14 4 -0.0735409
14 5 0.0997152
14 6 0.281383
14 7 0.0241544
14 8 0.0497541
14 9 -0.0501681
14 10 0.0524508
14 11 0.0216185
14 12 0.045053
14 13 0.0168092
14 14 0.140768
14 15 0.0242436
14 16 0.0123983
14 17 0.0512517
14 18 0.0117844
14 19 0.143961
14 20 0.123125
14 21 -0.114489
14 22 -0.109494
14 23 0.135467
14 24 -0.00675262
14 25 0.0670235
14 26 0.0805523
14 27 -0.00383127
14 28 0.0503453
14 29 0.0182945
14 30 0.0338394
14 31 0.0228997
14 32 0.0124643
14 33 0.0117096
14 34 0.00314897
14 35 0.0224908
14 36 0.0120911
14 37 0.00442531
14 38 -0.0898196
14 39 -5.78635e-05
14 40 -0.0617216
14 41 0.0720239
14 42 0.0334422
14 43 0.0701973
14 44 -0.000476275
14 45 0.042948
14 46 0.0343356
14 47 0.0103261
14 48 0.00196406
14 49 0.0125845
14 50 -0.00669345
14 51 0.0134703
14 52 0.0501849
14 53 0.0293256
14 54 0.00228232
14 55 0.0165535
14 56 0.010457
14 57 0.0040577
14 58 0.000844178
14 59 -0.0908589
14 60 -0.0433495
14 61 0.0275459
14 62 0.031672
14 63 -0.0146179
14 64 0.00314297
14 65 0.0251093
14 66 0.0166164
14 67 -0.0112717
14 68 0.00836484
14 69 0.00886599
14 70 -0.00329574
14 71 -0.0122603
14 72 0.00124267
14 73 -0.00576378
14 74 0.00097902
14 75 0.0140622
14 76 0.0958959
14 77 0.0380387
14 78 -0.00783426
14 79 0.0151219
14 80 0.0658893
14 81 -0.0307417
14 82 -0.0293877
14 83 -0.0162591
14 84 0.00177574
14 85 -0.00460325
14 86 -0.00706851
14 87 -0.00470714
14 88 0.00428847
14 89 -0.00603222
14 90 0.000635809
14 91 0.00978886
14 92 -0.00601411
14 93 -0.00642888
14 94 0.00018995
14 95 -0.126552
14 96 0.0351133
14 97 -0.0764364
14 98 0.00176043
14 99 0.0444452
14 100 0.00970575
14 101 0.0095017
14 102 -0.0140746
14 103 -0.00450886
14 104 0.000952407
14 105 -0.0116275
14 106 -0.00208274
14 107 -0.0171865
14 108 -0.00794769
14 109 -0.00044616
14 110 -0.014939
14 111 -0.00484824
14 112 -0.00746393
14 113 -0.00570685
14 114 -0.378655
14 115 -0.0906485
14 116 0.0692988
14 117 -0.0544243
14 118 -0.00651301
14 119 -0.0196005
14 120 -0.0527297
14 121 -0.0381814
14 122 -0.0810988
14 123 0.00845941
14 124 -0.0154549
14 125 -0.0338667
14 126 -0.0300786
14 127 -0.0342188
14 128 -0.00094242
14 129 0.00212389
14 130 -0.00620248
14 131 0.0130345
14 132 -0.0176014
15 0 0.315992
15 1 0.255843
15 2 0.314479
15 3 0.0825153
15 4 -0.0439889
15 5 0.0814664
15 6 0.0102727
15 7 0.0984274
15 8 0.0254735
15 9 0.00371316
15 10 0.00341327
15 11 0.041143
15 12 0.0458759
15 13 0.0555333
15 14 0.0242436
15 15 0.127613
15 16 -0.00533394
15 17 0.0308232
15 18 0.019205
15 19 -0.00516528
15 20 0.21651
15 21 0.0555426
15 22 0.0916887
15 23 0.0778562
15 24 0.0467297
15 25 -0.104075
15 26 -0.0584298
15 27 -0.0216626
15 28 -0.0455763
15 29 0.019406
15 30 0.057086
15 31 -0.00424476
15 32 0.0104822
15 33 0.0187531
15 34 0.0342414
15 35 0.0248908
15 36 0.0189954
15 37 0.00315892
15 38 0.0158379
15 39 0.0465831
15 40 -0.0454518
15 41 -0.0374459
15 42 -0.00133074
15 43 0.098253
15 44 -0.0636327
15 45 0.0355482
15 46 -0.0214055
15 47 0.0210877
15 48 0.0491699
15 49 0.01352
15 50 -0.00267375
15 51 0.00756927
15 52 0.031721
15 53 0.0198645
15 54 0.00127696
15 55 -0.00630577
15 56 0.00166028
15 57 -0.0627673
15 58 0.0452682
15 59 0.0156654
15 60 0.0220745
15 61 -0.0660678
15 62 -0.00258872
15 63 -0.00972561
15 64 -0.028639
15 65 -0.00682622
15 66 -0.00833781
15 67 0.00303834
15 68 -0.00168967
15 69 -0.00269411
15 70 -0.0110608
15 71 -0.00200206
15 72 -0.00504649
15 73 -0.00331115
15 74 -0.0031406
15 75 -0.00652422
15 76 0.018193
15 77 -0.096463
15 78 0.02771
15 79 -0.0340332
15 80 -3.60445e-05
15 81 -0.0179579
15 82 -0.0169263
15 83 -0.0165177
15 84 0.0154788
15 85 -0.00617471
15 86 -0.0272632
15 87 -0.00829058
15 88 0.00893362
15 89 -0.00858536
15 90 -0.00208102
15 91 -0.0151601
15 92 -0.0035425
15 93 -0.0149533
15 94 -0.00578993
15 95 -0.018835
15 96 -0.106981
15 97 0.021892
15 98 -0.0536413
15 99 -0.0631729
15 100 0.0098665
15 101 -0.00744571
15 102 0.0131641
15 103 -0.0703088
15 104 0.0180439
15 105 -0.00581461
15 106 -0.0268272
15 107 -0.0198994
15 108 0.00127802
15 109 0.00307889
15 110 -0.00977635
15 111 -0.00479073
15 112 -0.00116188
15 113 -0.00291319
15 114 -0.129496
15 115 0.0316087
15 116 -0.140877
15 117 0.0290928
15 118 -0.0833089
15 119 -0.023981
15 120 0.0429785
15 121 -0.0358842
15 122 0.0119672
15 123 -0.00220611
15 124 0.0152912
15 125 0.00237448
15 126 -0.043996
15 127 0.00570914
15 128 0.0131279
15 129 0.0132377
15 130 -0.00993311
15 131 0.00148312
15 132 -0.0231934
16 0 0.112738
16 1 0.0486446
16 2 -0.0424746
16 3 0.069237
16 4 0.0470793
16 5 0.0528261
16 6 0.0887968
16 7 0.0287126
16 8 0.0493304
16 9 -0.00753058
16 10 -0.0171783
16 11 -0.00945145
16 12 0.0241551
16 13 0.0240745
16 14 0.0123983
16 15 -0.00533394
16 16 0.0549584
16 17 0.0216575
16 18 0.0140228
16 19 -0.269319
16 20 0.0547632
16 21 -0.0788962
16 22 0.00725628
16 23 -0.0181724
16 24 0.0466416
16 25 0.00616931
16 26 -0.00717496
16 27 -0.0065729
16 28 -0.0546031
16 29 -0.0242946
16 30 0.00842132
16 31 0.00602312
16 32 -0.022382
16 33 -0.0171458
16 34 -0.00902861
16 35 0.0155153
16 36 -6.29059e-05
16 37 0.00850928
16 38 -0.037273
16 39 -0.0165552
16 40 -0.109031
16 41 0.0373079
16 42 -0.0472171
16 43 -0.00782464
16 44 -0.0314205
16 45 -0.0140067
16 46 0.0166117
16 47 -0.0336772
16 48 -0.0553285
16 49 -0.00619452
16 50 -0.0117922
16 51 -0.0143163
16 52 -0.00430199
16 53 0.00178184
16 54 -0.00970215
16 55 -0.00519053
16 56 0.00801527
16 57 0.0331296
16 58 -0.0215414
16 59 0.0310199
16 60 -4.78071e-05
16 61 -0.0175967
16 62 0.0194223
16 63 0.0111872
16 64 0.0121795
16 65 0.00101956
16 66 0.00503257
16 67 0.011085
16 68 0.00714727
16 69 0.000182627
16 70 -0.00536502
16 71 -0.00767063
16 72 0.00368403
16 73 0.00603529
16 74 0.00167242
16 75 0.00947546
16 76 -0.0183083
16 77 0.00788034
16 78 -0.0219067
16 79 -0.0107395
16 80 0.00540786
16 81 -0.00848034
16 82 -0.00837897
16 83 0.0151422
16 84 -0.00428785
16 85 0.00952099
16 86 0.00850044
16 87 0.00437956
16 88 0.0066273
16 89 -0.00395148
16 90 -0.00039237
16 91 0.00453743
16 92 0.00160291
16 93 -0.0019048
16 94 0.00559099
16 95 0.0465116
16 96 0.0440226
16 97 0.00573631
16 98 0.00308486
16 99 0.00638056
16 100 0.0156675
16 101 0.0161856
16 102 -0.00108579
16 103 0.00690792
16 104 -0.0042958
16 105 -0.0101048
16 106 0.00294002
16 107 -0.00467698
16 108 -0.00971501
16 109 0.000619518
16 110 0.00221411
16 111 -0.00949515
16 112 -0.00666826
16 113 0.000959091
16 114 -0.198558
16 115 -0.0575497
16 116 0.0417883
16 117 -0.0170644
16 118 0.0402234
16 119 0.0413591
16 120 -0.0181047
16 121 0.00378646
16 122 -0.00614911
16 123 -0.00856947
16 124 -0.00456024
16 125 -0.018381
16 126 0.0215928
16 127 -0.0202233
16 128 0.01027
16 129 0.011271
16 130 0.00144947
16 131 -0.00179447
16 132 -0.00246366
17 0 0.29994
17 1 0.345246
17 2 0.11254
17 3 0.269827
17 4 0.0546601
17 5 0.156801
17 6 0.119813
17 7 0.10339
17 8 0.0652321
17 9 0.00123185
17 10 0.0068058
17 11 -0.0108362
17 12 0.0553336
17 13 0.0366464
17 14 0.0512517
17 15 0.0308232
17 16 0.0216575
17 17 0.072168
17 18 0.0177418
17 19 0.0256843
17 20 0.133592
17 21 0.0247923
17 22 0.0416472
17 23 0.0572386
17 24 0.081762
17 25 0.0518233
17 26 0.0114147
17 27 0.0420055
17 28 -0.00247086
17 29 0.0301457
17 30 0.0452112
17 31 0.0195622
17 32 0.0207704
17 33 0.0165825
17 34 0.0227728
17 35 0.0149305
17 36 0.0285921
17 37 0.00580949
17 38 -0.0525309
17 39 -0.0580039
17 40 -0.134762
17 41 -0.0141805
17 42 -0.040797
17 43 0.0460206
17 44 -0.00413522
17 45 -0.0359835
17 46 -0.020317
17 47 0.0213251
17 48 -0.0095801
17 49 0.00472096
17 50 0.00245298
17 51 -0.0183927
17 52 0.0085611
17 53 0.0123267
17 54 -0.00840087
17 55 0.00012778
17 56 0.00437723
17 57 0.00074311
17 58 -0.0289046
17 59 0.0223979
17 60 -0.0175831
17 61 -0.0131729
17 62 0.0114921
17 63 -0.00464475
17 64 0.0126203
17 65 0.00754102
17 66 0.00762274
17 67 -0.000132728
17 68 0.00483479
17 69 0.0053261
17 70 -0.00431501
17 71 -0.00656499
17 72 0.00444893
17 73 0.00230612
17 74 0.00250803
17 75 0.00969316
17 76 0.0173167
17 77 -0.0523537
17 78 0.0175153
17 79 -0.00326659
17 80 0.0132516
17 81 -0.0274835
17 82 -0.0165038
17 83 -0.00128762
17 84 -0.00293364
17 85 -0.000331706
17 86 -0.0123671
17 87 -0.00425922
17 88 0.0026028
17 89 -0.00686158
17 90 0.00509258
17 91 -0.00135381
17 92 0.00189065
17 93 -0.00819708
17 94 -0.00292195
17 95 0.0324635
17 96 -0.0595092
17 97 0.0259447
17 98 -0.00984458
17 99 -0.0352266
17 100 0.0183755
17 101 0.0261667
17 102 -0.000752001
17 103 -0.0260859
17 104 0.00363734
17 105 -0.0162169
17 106 -0.00587382
17 107 -0.0175269
17 108 -0.00406967
17 109 0.00282053
17 110 -0.00440021
17 111 -0.00844713
17 112 -0.00136921
17 113 -0.00158605
17 114 -0.36806
17 115 -0.00687358
17 116 -0.0993387
17 117 0.0333423
17 118 -0.0978746
17 119 0.00369339
17 120 0.022229
17 121 -0.0311674
17 122 -0.0318963
17 123 -0.00623784
17 124 -0.00358732
17 125 -0.035291
17 126 -0.0337595
17 127 -0.0210383
17 128 0.00526374
17 129 0.0166221
17 130 -0.00857022
17 131 -0.00423991
17 132 -0.0165188
18 0 0.244188
18 1 0.0198862
18 2 0.116758
18 3 0.102324
18 4 0.0710082
18 5 -0.0325109
18 6 0.0777464
18 7 0.0514591
18 8 0.0527068
18 9 0.0341709
18 10 0.00621218
18 11 0.00482383
18 12 0.0390516
18 13 -0.00368965
18 14 0.0117844
18 15 0.019205
18 16 0.0140228
18 17 0.0177418
18 18 0.0281091
18 19 -0.193496
18 20 -0.037468
18 21 -0.0550722
18 22 -0.0061806
18 23 0.0296693
18 24 0.0117663
18 25 -0.0206569
18 26 -0.00171326
18 27 0.0164626
18 28 -0.0436892
18 29 0.0235095
18 30 -9.00397e-05
18 31 -0.00184996
18 32 0.00421656
18 33 -0.00182153
18 34 0.0108395
18 35 0.0088799
18 36 0.00445328
18 37 0.0103717
18 38 -0.0789317
18 39 -0.0455194
18 40 -0.00699706
18 41 0.0363796
18 42 0.0137949
18 43 -0.0023966
18 44 -0.00402664
18 45 0.0100311
18 46 -0.00902227
18 47 0.0405725
18 48 -0.0085855
18 49 0.00069595
18 50 -0.00941098
18 51 -0.0062106
18 52 -0.00433047
18 53 0.00347322
18 54 -0.0071985
18 55 0.00114974
18 56 -0.000382026
18 57 -0.02127
18 58 -0.00279706
18 59 0.00387508
18 60 -0.0260278
18 61 -0.00841641
18 62 0.0134635
18 63 -0.00272841
18 64 0.00333708
18 65 -0.00470825
18 66 -0.000459862
18 67 -0.00518632
18 68 0.00310152
18 69 -0.0016157
18 70 0.000364205
18 71 6.43257e-05
18 72 0.000426448
18 73 0.000152668
18 74 -0.000915194
18 75 0.0038319
18 76 -0.0125492
18 77 -0.0212384
18 78 0.0131142
18 79 -0.00604219
18 80 -0.00479186
18 81 0.00864786
18 82 -0.00341872
18 83 0.0104199
18 84 0.00389262
18 85 -0.00165341
18 86 0.00347474
18 87 0.00260047
18 88 0.00593077
18 89 0.000113684
18 90 0.0049448
18 91 0.000608748
18 92 0.00244801
18 93 -0.00226485
18 94 0.00215762
18 95 0.0623006
18 96 -0.0133004
18 97 0.0468399
18 98 -0.00829072
18 99 -0.0132181
18 100 0.0222195
18 101 -0.00401783
18 102 0.00405459
18 103 0.00646364
18 104 -0.00599047
18 105 -0.00565924
18 106 -0.00375667
18 107 -0.000675675
18 108 0.000897007
18 109 0.00335291
18 110 -0.000517015
18 111 -0.00530859
